latitude=31.015893558971783
longitude=77.06986120381413